entropies
-------  --------  --------  --------  --------  --------  --------  --------  --------  --------  --------
13.1428   4.22784   3.52541   3.5874    3.86686   4.3529    5.4681    8.25901  11.3184   12.2169   12.384
13.1428   4.20797   3.55521   3.70025   4.07924   4.55056   5.10078   5.94163   7.82785  10.4984   12.1156
13.1428   4.56962   4.57838   5.60123   6.64489   7.37381   7.88044   8.28364   8.71164   9.32417  10.4565
13.1428   5.43703   6.6011    8.82154  10.1532   10.7956   11.0654   11.1364   11.1554   11.1625   11.166
13.1428   5.91338   6.85007   9.15466  11.0753   11.8065   11.9652   12.0003   12.0128   12.0194   12.0235
13.1428   5.74274   6.86577   9.79231  11.882    12.4368   12.5279   12.551    12.5591   12.5622   12.5634
13.1428   5.84083   6.19966   7.82347   9.2304   10.0014   10.6143   11.0014   11.1147   11.1446   11.1562
13.1428   5.77074   6.17629   7.94782  10.0102   11.414    11.8808   11.9674   11.9941   12.0075   12.0158
13.1428   5.26247   5.27617   7.04976   9.514    11.4557   12.3043   12.4863   12.5352   12.5527   12.5595
13.1428   5.05098   5.35094   7.21856   9.67551  11.4435   12.1778   12.3637   12.4172   12.4367   12.4441
13.1428   4.76022   4.82251   6.35645   8.83804  11.1071   12.0843   12.3094   12.3553   12.3638   12.3654
13.1428   4.42452   3.62405   3.89885   4.85484   6.14755   7.24051   8.06152   9.01992  10.354    11.635
13.1428   4.89243   4.75533   6.04331   8.16342   9.78564  10.6423   11.0272   11.1255   11.1512   11.1605
13.1428   5.58821   5.61348   6.6974    8.51853  10.7234   11.7435   11.9538   11.9959   12.0103   12.0178
13.1428   5.66719   6.32706   7.77343   9.04379  10.6298   11.8234   12.4026   12.5137   12.5397   12.5536
13.1428   6.04735   7.45463   9.07908  10.159    10.7873   11.0586   11.1282   11.1489   11.1581   11.1632
13.1428   6.13012   8.26865  10.7668   11.7927   11.9611   11.9944   12.008    12.016    12.0212   12.0247
13.1428   6.67606   9.20777  11.5739   12.3837   12.5088   12.5407   12.5549   12.5607   12.5629   12.5637
13.1428   7.27035   8.53991   9.63167  10.6392   11.5261   12.2009   12.3975   12.4293   12.4377   12.441
13.1428   6.82565   8.56982  10.1287   11.0226   11.7291   12.1915   12.3321   12.3603   12.365    12.3656
13.1428   5.4742    6.83597   9.87851  11.7226   12.3595   12.4985   12.539    12.554    12.5601   12.5625
13.1428   5.35486   6.16442   9.14711  11.6965   12.2719   12.3895   12.4264   12.44     12.4452   12.4471
13.1428   4.92617   5.02184   6.84215   9.78871  11.744    12.2524   12.3445   12.3622   12.3657   12.3664
13.1428   4.56128   4.04536   4.39029   5.20955   6.48991   8.1107    9.34119   9.95701  10.2681   10.4211
13.1428   4.78607   4.33054   4.79965   5.54809   6.2314    6.75345   7.23694   7.7588    8.33939   9.06673
13.1428   4.42812   4.2051    4.7015    5.25386   5.73029   6.10625   6.39755   6.68345   7.09956   7.77154
13.1428   4.09304   3.67438   3.97324   4.47595   5.102     5.83306   6.74039   7.98452  10.0549   11.5101
13.1428   3.83222   3.19761   3.27102   3.52659   3.94868   4.79093   6.64803   8.98931  10.8281   12.0182
13.1428   3.8885    3.11952   3.13377   3.34953   3.65865   4.02063   4.38552   4.71598   5.03087   5.47068
13.1428   3.92942   3.14639   3.22633   3.55352   3.95245   4.35831   4.7694    5.22984   5.80456   6.55717
13.1428   4.68356   4.00912   4.09351   4.39431   4.78288   5.32919   6.34411   8.04134  10.4704   11.9451
13.1428   4.94853   4.60757   4.91195   5.2318    5.47858   5.69335   5.95337   6.33253   6.81925   7.36541
13.1428   4.73448   4.50861   4.94125   5.4324    5.84539   6.15984   6.38763   6.55355   6.68863   6.81812
13.1428   4.5471    4.07242   4.48206   5.08187   5.67387   6.194     6.66609   7.15223   7.66427   8.15683
13.1428   4.70833   4.10744   4.3425    4.7488    5.14258   5.48432   5.7741    6.00712   6.17855   6.29652
13.1428   5.12356   4.48487   4.506     4.67184   4.86646   5.05981   5.25243   5.45768   5.6878    5.9494
13.1428   5.07755   4.64256   5.0234    5.75986   6.80258   7.8745    8.52741   8.98472   9.5059    9.97865
13.1428   5.32765   5.17678   5.72464   6.30456   6.79877   7.24175   7.7032    8.39457   9.88503  11.4428
13.1428   5.14403   5.12215   5.85075   6.52164   7.0166    7.6036    9.10703  11.352    12.206    12.3389
13.1428   4.14105   3.4083    3.52725   4.02036   5.10026   7.47974  10.5074   11.769    11.979    12.0155
13.1428   4.36768   3.71688   3.97639   4.52275   5.22931   6.32479   8.24718  10.3591   11.9734   12.4551
13.1428   4.8081    4.62644   5.53757   7.13379   8.67962   9.70757  10.4153   10.8872   11.0801   11.1324
13.1428   4.80716   4.76904   6.43423   8.90788  10.7061   11.5995   11.9115   11.9739   11.9961   12.0084
13.1428   4.90641   4.77196   5.79964   7.78096  10.168    11.7897   12.4058   12.5109   12.541    12.5549
13.1428   5.76958   5.80449   6.59701   7.8572    9.3149   10.3316   10.8532   11.0728   11.1348   11.1538
13.1428   6.52289   6.7586    7.37554   7.99218   8.89221  10.5129   11.6314   11.9274   11.9901   12.0083
13.1428   7.46634   8.16808   8.69555   8.88616   8.96467   9.00542   9.02598   9.03677   9.05054   9.09064
13.1428   9.09209  10.2588   10.8806   11.0903   11.1445   11.1598   11.1653   11.1678   11.1691   11.1699
13.1428  10.0955   11.6008   11.9376   11.988    12.0048   12.0141   12.02     12.0239   12.0265   12.0283
13.1428   9.88077  11.8505   12.4137   12.5158   12.5457   12.5568   12.5612   12.563    12.5637   12.564
13.1428   9.51882  11.4267   12.1925   12.3722   12.4216   12.4387   12.4449   12.4471   12.4478   12.448
13.1428   8.94425  11.5009   12.2328   12.346    12.3658   12.3689   12.3689   12.3685   12.3682   12.3679
13.1428   7.1521    8.31255   9.54548  10.2101   10.4185   10.49     10.5149   10.5231   10.5257   10.5264
13.1428   5.92458   6.40289   7.1869    7.63204   7.90141   8.12694   8.29848   8.389     8.42616   8.44469
13.1428   5.27332   5.08236   5.55242   6.01794   6.32557   6.51951   6.6922    7.00878   7.7764    9.05757
13.1428   4.42295   3.88717   4.41032   6.33545   9.7795   11.7799   12.2803   12.3933   12.4282   12.4409
13.1428   4.19923   3.94994   4.99085   7.31043  10.1617   11.85     12.2713   12.351    12.3664   12.3687
13.1428   4.86419   4.71902   5.19465   5.86164   6.71266   7.63134   8.51937   9.46868  10.1442   10.389
13.1428   5.11121   4.90209   5.23099   5.57415   5.87031   6.15726   6.4551    6.7595    7.06814   7.39281
13.1428   5.52422   6.25026   7.36573   8.12837   8.65626   8.94518   9.05658   9.09935   9.11691   9.12385
13.1428   5.46973   6.54284   8.34338   9.68894  10.5452   10.9871   11.1181   11.1491   11.1593   11.1641
13.1428   5.74693   7.70091  10.0255   11.4996   11.9122   11.987    12.0073   12.0164   12.0217   12.0251
13.1428   5.3285    6.67904   9.73245  11.9076   12.4489   12.5302   12.5518   12.5594   12.5623   12.5635
13.1428   4.80126   6.04082   9.25339  11.766    12.3325   12.4123   12.4344   12.4424   12.4455   12.4468
13.1428   4.6768    5.00163   7.10058  10.4066   12.0444   12.3179   12.3575   12.3643   12.3655   12.3658
13.1428   4.99523   5.22768   6.53939   8.02546   9.08722   9.83356  10.231    10.4064   10.4786   10.5057
13.1428   4.64785   4.22625   4.59548   5.15259   5.6303    5.9231    6.08376   6.17894   6.24532   6.30029
13.1428   4.54365   4.06276   4.37741   4.95947   5.68245   6.61932   7.66959   8.36429   8.73057   8.94144
13.1428   4.34016   3.93963   4.59245   5.85068   7.71522   9.71251  10.7694   11.0493   11.1292   11.1562
13.1428   4.50995   3.99412   4.66915   6.40058   8.91782  11.2059   11.8718   11.9913   12.0193   12.0261
13.1428   4.86065   5.49098   7.63156   9.34842  10.8518   11.9767   12.4409   12.5205   12.5427   12.5551
13.1428   5.63016   7.46214   9.87733  10.7672   11.0522   11.1249   11.1473   11.1573   11.1627   11.1659
13.1428   6.37855   9.58579  11.6027   11.9262   11.9773   11.9972   12.0089   12.0165   12.0216   12.0249
13.1428   7.03994  10.2043   12.0212   12.4308   12.5193   12.5469   12.5572   12.5614   12.563    12.5637
13.1428   6.64721   9.55911  11.8102   12.2951   12.3984   12.4302   12.4417   12.446    12.4475   12.4479
13.1428   6.49168   9.64383  11.8921   12.305    12.3595   12.3681   12.3691   12.3688   12.3684   12.3681
13.1428   5.20655   5.61468   7.05851   8.44947   9.52107  10.1989   10.4271   10.4934   10.5142   10.5213
13.1428   5.054     5.04529   5.55668   5.97647   6.26338   6.47645   6.66768   6.86945   7.11162   7.38942
13.1428   5.1763    5.66462   7.22387   9.37254  10.6993   11.05     11.1361   11.1601   11.1671   11.1694
13.1428   5.45649   5.54508   7.29117  10.2478   11.7177   11.9669   12.0118   12.0226   12.0264   12.0283
13.1428   5.64774   7.30021  10.93     12.3406   12.514    12.5458   12.5574   12.5617   12.5633   12.5639
13.1428   5.74311   7.25032  10.4627   12.152    12.3885   12.4278   12.4399   12.4444   12.4463   12.4471
13.1428   6.55893   8.61788  11.2235   12.1852   12.3384   12.3617   12.3659   12.3668   12.3669   12.367
13.1428   5.55119   5.59699   6.71465   7.80133   8.6504    9.49544  10.1189   10.3792   10.47     10.5009
13.1428   5.30377   5.20339   6.25014   7.38805   8.43276   9.36975  10.0479   10.5827   10.9827   11.1156
13.1428   5.52467   5.21162   5.99994   7.62911   9.62614  11.1151   11.7816   11.9541   11.9912   12.0062
13.1428   6.11425   6.39631   7.54889   8.58003   9.86616  11.3495   12.2293   12.4849   12.5296   12.5481
13.1428   7.34158   9.58577  10.8624   11.1028   11.1454   11.1577   11.1632   11.1662   11.1681   11.1693
13.1428   6.97821  10.0942   11.7346   11.9546   11.992    12.007    12.0155   12.0209   12.0245   12.0269
13.1428   6.37595   9.84964  12.1537   12.488    12.5394   12.5546   12.5604   12.5627   12.5636   12.5639
13.1428   6.58118  10.0451   12.1407   12.3915   12.4295   12.4406   12.4447   12.4464   12.4471   12.4475
13.1428   7.18849  10.4542   12.0536   12.3116   12.356    12.3642   12.3658   12.3663   12.3665   12.3666
13.1428   5.97729   7.23158   8.60824   9.27527   9.68351  10.075    10.6823   11.6969   12.3345   12.4915
13.1428   5.44556   5.93192   7.7226    9.55938  11.0654   11.9426   12.3017   12.3974   12.4293   12.4413
13.1428   5.01837   4.75859   5.69191   7.19965   9.29234  11.3238   12.1707   12.333    12.363    12.3682
13.1428   4.46756   3.74269   3.881     4.35554   4.93795   5.47258   5.89684   6.19475   6.39687   6.55785
13.1428   4.66841   4.26475   4.68096   5.27323   5.81455   6.3119    6.77951   7.23178   7.7747    8.40973
13.1428   4.90461   5.26262   7.18433   9.31536  10.6538   11.0292   11.1273   11.158    11.1672   11.1699
13.1428   5.23407   6.44043   9.28292  11.3501   11.8963   11.9964   12.0187   12.025    12.0276   12.0291
13.1428   5.12102   6.19921   9.29845  11.7091   12.4168   12.5209   12.5475   12.558    12.5619   12.5634
13.1428   5.20748   6.00883   8.32389  10.3191   11.5923   12.2557   12.4055   12.431    12.4383   12.4414
-------  --------  --------  --------  --------  --------  --------  --------  --------  --------  --------

A frequency
--------  --------  ----------  ----------  ----------  ----------  ----------  ----------  ----------  ----------
0.261052  0.118757  0.00269022  0.968209    0.00256308  0.00381247  0.00543826  0.00266206  0.00308365  0.00261521
0.105062  0.185873  0.992027    0.00359915  0.250077    0.99094     0.0025944   0.00381338  0.381422    0.421642
0.268008  0.560923  0.00269803  0.0025194   0.744326    0.00271374  0.00248962  0.990882    0.020916    0.13193
0.365879  0.134448  0.00258438  0.025672    0.00303382  0.00253424  0.989478    0.00264289  0.594579    0.443813
--------  --------  ----------  ----------  ----------  ----------  ----------  ----------  ----------  ----------
B frequency
--------  --------  ---------  ---------  ---------  ---------  ----------  ---------  ---------  ---------
0.224714  0.276386  0.0974631  0.0925723  0.0178683  0.820393   0.00887818  0.1287     0.322974   0.0175146
0.333391  0.137924  0.226926   0.248732   0.883017   0.0235817  0.137754    0.796087   0.0270685  0.0806775
0.215985  0.324256  0.512638   0.337032   0.0887426  0.0220224  0.8404      0.0455327  0.0504204  0.873175
0.22591   0.261433  0.162973   0.321664   0.0103724  0.134003   0.0129677   0.0296798  0.599537   0.0286332
--------  --------  ---------  ---------  ---------  ---------  ----------  ---------  ---------  ---------
C frequency
--------  ---------  --------  --------  ---------  --------  --------  ---------  ---------  ---------
0.351404  0.248441   0.472054  0.124058  0.086195   0.28415   0.132876  0.170349   0.0536593  0.0864582
0.202946  0.390288   0.123977  0.084023  0.287913   0.418059  0.374112  0.0610093  0.252648   0.660813
0.270066  0.299844   0.271644  0.616384  0.547223   0.171822  0.145865  0.27229    0.641053   0.155836
0.175585  0.0614263  0.132325  0.175535  0.0786692  0.125969  0.347147  0.496352   0.0526397  0.0968928
--------  ---------  --------  --------  ---------  --------  --------  ---------  ---------  ---------
D frequency
--------  --------  ----------  ----------  ----------  ----------  ----------  ----------  ----------  ---------
0.255091  0.129605  0.00257211  0.990633    0.00256071  0.00276599  0.00346302  0.00251247  0.00256548  0.0025443
0.106425  0.196159  0.992282    0.00263654  0.258809    0.992099    0.00247977  0.00262147  0.406918    0.402139
0.272906  0.529741  0.00259664  0.00248457  0.736054    0.00261141  0.00248469  0.992379    0.0142318   0.125409
0.365577  0.144495  0.00254893  0.00424604  0.0025757   0.00252373  0.991573    0.00248748  0.576285    0.469908
--------  --------  ----------  ----------  ----------  ----------  ----------  ----------  ----------  ---------