seqid003 to seqid004

score: 20

seqid003:  5  LCSWFAAATTYDA
              + +    AT+ D+
seqid004:  0  MSN--WTATSSDS

[0 0 0 0 0 0 0 0 0 0 0 0 0 0]
[0 5 1 0 0 0 0 0 0 0 0 0 0 0]
[0 1 5 1 0 0 0 0 0 0 2 0 0 0]
[0 2 1 2 0 0 0 0 0 0 0 0 0 0]
[0 2 0 0 0 0 0 0 0 0 0 0 0 0]
[0 0 6 2 0 1 1 1 4 4 0 4 1 4]
[0 2 2 3 0 0 0 0 0 2 0 0 3 0]
[0 0 1 0 1 0 0 0 0 0 0 0 0 2]
[0 0 4 2 0 2 1 1 4 4 0 4 1 4]
[0 0 0 0 13 9 5 1 0 1 0 0 2 0]
[0 0 0 0 9 11 7 3 0 0 0 0 0 0]
[0 0 1 0 5 9 15 11 7 3 0 1 0 1]
[0 0 1 0 1 5 13 15 12 8 4 1 1 1]
[0 0 1 0 0 1 9 13 16 13 9 5 1 2]
[0 0 1 1 0 5 5 14 14 17 13 10 10 6]
[0 0 1 1 0 5 5 10 15 15 16 14 15 11]
[0 0 0 0 3 1 3 6 11 13 12 14 12 13]
[0 0 0 1 0 2 0 2 7 11 19 15 13 12]
[0 0 1 0 0 0 6 2 3 8 15 20 16 14]
[0 0 0 2 0 0 2 5 2 4 14 16 19 16]
[0 0 0 0 3 0 0 1 3 0 10 12 15 17]
[0 0 0 0 2 1 0 0 0 1 6 8 11 13]
[0 0 0 1 0 1 0 0 0 0 7 6 7 11]
[0 0 0 1 0 0 0 0 0 0 6 7 5 7]
[0 0 0 0 0 0 0 0 0 0 2 5 6 4]

p-value: 0.11764705882352941