-------  -------  -------  -------  -------  -------  -------  -------  -------  -------  -------
13.1428  5.41306  5.78584  6.06875  6.18594  6.24425  6.27698  6.29478  6.30409  6.30896  6.31162
13.1428  4.94935  5.50115  6.10532  6.57471  6.94914  7.13505  7.18476  7.1945   7.19635  7.19671
13.1428  5.54821  6.93325  7.60491  7.73795  7.75661  7.76056  7.76767  7.77562  7.7931   7.93734
13.1428  4.91136  5.39872  6.42705  7.17249  7.36515  7.41877  7.52014  7.88633  8.20412  8.2554
13.1428  4.52937  4.61018  4.98787  5.56447  6.16884  6.48869  6.61459  6.74824  6.98134  7.40772
13.1428  4.04898  4.24807  4.83425  5.55846  6.06476  6.2453   6.29508  6.30586  6.30334  6.29646
13.1428  4.76946  4.80941  5.11353  5.36014  5.6486   5.96535  6.19974  6.34266  6.41052  6.43733
13.1428  6.52247  6.9236   7.18074  7.26931  7.28431  7.28554  7.28421  7.28266  7.28136  7.28036
13.1428  5.43948  5.87614  6.23144  6.39898  6.51327  6.74643  7.35553  7.69838  7.83318  7.97286
13.1428  6.3184   6.42782  6.4475   6.47222  6.54978  6.7061   6.95374  7.22893  7.39682  7.46241
13.1428  6.37314  7.59561  8.74982  8.83639  8.82671  8.817    8.81004  8.80508  8.80146  8.79877
13.1428  6.18023  6.38274  6.62452  6.78648  6.90271  7.06336  7.17295  7.21439  7.22732  7.22897
13.1428  5.68645  5.82724  6.28568  6.69564  6.91232  7.012    7.06356  7.09491  7.11577  7.12992
13.1428  8.46548  8.98276  9.00498  9.00157  8.9991   8.99788  8.99731  8.99704  8.99692  8.99686
13.1428  5.96601  7.09673  7.48546  7.54907  7.56116  7.56417  7.56504  7.56531  7.5654   7.56543
13.1428  6.55015  7.75803  8.25549  8.41168  8.54071  8.57622  8.58129  8.582    8.58212  8.58214
13.1428  4.88759  4.86237  5.35576  6.2804   7.24041  7.5914   7.64009  7.64616  7.64702  7.64716
13.1428  6.30843  6.38334  6.75129  7.26048  7.54579  7.63246  7.66648  7.69294  7.72333  7.75443
13.1428  6.53563  7.00307  7.6544   8.0285   8.6997   8.8091   8.81279  8.82377  8.84671  8.87577
13.1428  5.4063   5.70666  5.95657  6.113    6.31908  6.57918  6.83994  7.02727  7.14058  7.196
13.1428  5.88966  6.48216  7.367    7.63091  7.68503  7.70115  7.70655  7.70843  7.70911  7.70935
-------  -------  -------  -------  -------  -------  -------  -------  -------  -------  -------
--------  ---------  ---------  ---------  ---------  ---------  ---------  ---------  ---------  ---------
0.536848  0.353838   0.0417856  0.873793   0.0421862  0.0509827  0.0421162  0.0417125  0.041692   0.0417366
0.206557  0.386479   0.874765   0.0420095  0.539339   0.864656   0.0432558  0.0421037  0.217321   0.197128
0.210419  0.217324   0.0417248  0.0418904  0.376642   0.0423201  0.0440907  0.87433    0.0417137  0.0542672
0.046176  0.0423582  0.0417245  0.0423072  0.0418328  0.0420417  0.870537   0.041854   0.699273   0.706868
--------  ---------  ---------  ---------  ---------  ---------  ---------  ---------  ---------  ------------------  ---------  ---------  ---------  ---------  ---------  --------  ---------  ---------  ---------
0.0466625  0.0442725  0.0454431  0.15388    0.302704   0.0582962  0.261541  0.415842   0.0661557  0.645319
0.124795   0.362103   0.100969   0.0931047  0.465988   0.269207   0.063694  0.415463   0.753458   0.0667213
0.322842   0.330532   0.12754    0.0653936  0.178817   0.0689064  0.35584   0.0712881  0.130636   0.0570296
0.5057     0.263092   0.726048   0.687622   0.0524901  0.60359    0.318926  0.0974073  0.0497503  0.23093
---------  ---------  ---------  ---------  ---------  ---------  --------  ---------  ---------  ------------------  ---------  ---------  ---------  ---------  ---------  ---------  ---------  ---------  ---------
0.0428115  0.374916   0.0422853  0.0425731  0.0493073  0.135606   0.0421951  0.514165   0.159299   0.0488442
0.843694   0.145188   0.266687   0.246617   0.0477617  0.430027   0.770044   0.0775024  0.0724089  0.676594
0.0665236  0.0439447  0.647174   0.253805   0.194051   0.0484678  0.124941   0.042805   0.724562   0.231686
0.0469708  0.435951   0.0438538  0.457005   0.70888    0.3859     0.0628199  0.365528   0.0437301  0.0428755
---------  ---------  ---------  ---------  ---------  ---------  ---------  ---------  ---------  ------------------  ---------  ---------  ---------  ---------  ---------  ---------  ---------  ---------  ---------
0.536489   0.350711   0.0417914  0.873874   0.0422496  0.0537201  0.0421745  0.0417163  0.041692   0.041732
0.206934   0.38973    0.874765   0.0419829  0.539664   0.86198    0.0431091  0.0420562  0.220297   0.193765
0.210141   0.21717    0.0417192  0.0418764  0.37626    0.0422698  0.0437741  0.874382   0.0417134  0.0543567
0.0464351  0.0423893  0.0417245  0.0422668  0.0418261  0.0420299  0.870942   0.0418454  0.696297   0.710146
---------  ---------  ---------  ---------  ---------  ---------  ---------  ---------  ---------  ---------